3.38249 2.62552 10.0945 3.5813 9.38404 9.89414 3.04905 4.0254 7.11586 3.9237 1.13151 3.72422
0.947176 5.03791 10.1978
5.61587 1.46171 3.09963 5.77364 7.55587 2.45878 11.4115 5.94681 4.21048
3.87442
4.2482 6.36885 8.39174 5.50928 8.82459 10.4352
4.85182 3.48008 10.3118 0.69084 9.11327 4.02712
1.42755
11.4557 4.85907 11.5438 5.23303 7.46331
9.63768 5.02079 7.33428 4.54168
1.04664 2.79848
3.97332
8.26512 11.5607 2.97652 4.13662
6.36874 1.42308 5.79211 4.36779 3.23686 11.1654 5.43513 0.498671 2.31402
4.78499 7.12702 8.47772 3.16537
6.55167 4.01941 6.48782 5.30309 9.4222 4.3446 9.46624 6.66826 3.20263 6.76405 10.2072 4.12867 4.67138 2.25705 3.89112 0.914856 7.68139 5.03391
1.53072 4.08764 7.8079 3.00739 5.13476
4.94566
1.89396 0.974962 5.80855 3.88508 8.86535 1.20749
7.37673 6.10363
2.66277 2.00152 4.57693 9.12064
1.7114 0.228834 2.14243
8.91479 2.73059
10.8927 9.10055 3.38846 3.043 9.51174 3.02826
4.53694 9.23139 10.8504 7.72256
3.85509 6.42408 11.5857 0.61501 9.68138 8.45443
1.49859 11.4868 6.64921 1.76741 0.954166 1.46148 10.1998 11.2986 10.556 0.982141 8.31759 2.02265 5.4395
4.90393 4.51633 5.13808 5.71167 5.07762 1.53984 3.47571 10.553 9.39525 8.4933 8.80412
3.61596 1.29063 8.58211 5.55293
2.75833 8.05663 6.54938 3.66627
7.03282
0.708264 2.33455 7.56502 1.74402
2.61364
1.86893
10.951 8.83543
11.031 7.00159 0.8682 3.44822 4.32807 11.7899 7.06867 10.1075 5.405 2.30135 0.472709 3.87638 3.93718 10.9729 1.2128 10.5437 10.5537 6.73872 10.3422 4.56363 9.10481 3.34794
2.7605 9.72975 5.40311 6.72597 2.08723
6.33791
7.28088 1.3636 10.7507
10.4813 7.83123 8.50696 6.80759 10.2911 1.23107 2.3438 6.38054
2.04391 4.57764 8.10468 6.04873 4.58522
4.74809 5.14453 7.38966 3.16355 10.0347 2.28353 4.71782 5.31908 4.48944 11.1072 1.68516 10.1987 4.52808
8.11301 11.3729 9.21127 3.4047 10.7292 4.35668 5.52151 2.33665 1.24401 2.22634 5.53495 3.69485 3.71794 6.91976 8.2888 2.2185 11.6438 4.62042 6.05832 8.22476 2.17693 0.6342 4.16036 3.86129 9.86079 10.6403 1.10705 9.20722
7.96645 0.307425 7.63785 8.82355
2.24577 10.3735 6.68628 3.41305 4.65047 6.1201 6.65137
3.22459 1.36468 4.95779 8.13715 10.6341 8.64407 0.875902 9.08995 2.08707 2.26241 9.26546 6.93351 4.26713 1.03578 6.32305 1.77957
8.54054 11.2098 1.93183 10.7458 4.72494
2.6772 8.27641 2.25582
9.18132 11.467 1.0093 4.71914 8.49216 2.25014 8.45106 2.8022 9.76473
9.79361 7.6078 0.696413 11.167
3.08937 2.27777
0.877973
4.71457 4.13115 8.69403 8.5309 1.7066 4.09444 6.25694 7.686 4.65203
0.730477 11.3519 8.58746 8.63167 7.60351 9.76864 9.83491
6.09515
7.81501 3.2083 7.01648 7.8871 5.08821 4.74006 8.84603 9.28691 4.74873 4.34067 4.58814 9.62518 7.06638
10.0511 2.40067 10.0729 9.14109 2.67388 3.30259 2.08175 8.31439
8.97419 2.90235
8.89798
3.60325 3.83896 2.25724 9.70352 9.1685 7.84824 9.381
0.909341 2.40737
11.2854 6.60516
4.27952
8.38736 5.30171 6.60499 5.92377
3.96415
8.78526 9.71393 1.68418 11.5281
7.53937
10.3474 8.62322 11.5641 1.25708 4.75654 4.13607 4.38657 7.14545 7.27904 7.60512 10.9945
9.27523 3.76282 1.69358
5.94556 4.67316 8.44011 3.93988 3.95907 7.95199 2.24575 7.72128 9.13491 2.79537 11.2965 7.56305
3.10964 2.70202 6.38336 9.86799 3.39613
10.9406 7.62297
7.0011 8.309 5.75051
7.4965 7.57576 10.3594 4.55662 6.62035
1.74205 6.75714 4.44871 3.67769 3.87716
8.69447 9.28541 8.78441 6.04822 4.01533 11.05 7.06686 1.00945 1.96581 0.11716
3.19778 5.51857 6.55995 0.572917
9.78373 6.73108
5.1294
8.68698 2.52932 2.36098 6.24157
0.505632 9.4718
9.55885 4.08082
6.38216 2.3893
4.27525
7.41388
10.8782 9.54594
4.13014 5.99912 3.34996 5.72 2.65434 8.00026 10.3239 5.4632 7.01658 5.84205 6.78939 3.16559 1.78965 2.6488 2.23033 11.2331 3.01814 10.6975
5.7172 4.25894 11.1595
10.9646 2.84619 11.0506 5.23832
2.9403 10.4135
9.50265
9.08957 1.29677 6.7565 0.961033 4.99744
10.5702 0.7958
5.82357 1.14816 8.49978 0.094395 7.18239
10.8659 11.1879 8.45818 5.99922 5.24572 0.708671 4.28828 3.89167 11.3471 3.17746 11.2889 2.22561 8.14698 8.85677 10.617
1.41683
5.62461
3.94223 6.31736 9.16538 2.72157 8.16531
7.80105 3.70949 7.20625 6.73528 10.5208 4.18593 4.54822 9.66064 7.88467 1.88302
4.08805
4.82499 5.69976 1.86303 7.55508
6.39859
7.05318 11.1496 9.45648
7.54597 6.06323 10.1272 1.71543 8.44816 8.70451 5.04426 7.57848 8.16728
1.56446 10.64 7.65273 5.80418 5.22013 1.74618 0.829871 7.17371
5.01948 1.38546 1.13618 10.2719 10.2223 1.92198 3.96945 5.25304
10.6098 9.24118 10.585 0.365816
10.2055 7.68778 9.15588 5.41257 2.84462 8.36994 10.3603 5.86863 8.05857 1.64356 1.02051
2.43233 4.57796 1.41001 10.7081 1.81716 4.13047 0.367945
8.61293 10.3976
4.60469 1.97733
11.4623
10.6435 4.69005 10.665 5.78015 10.3334 11.2537 2.22574 2.97082 6.56598
5.53697 0.490976 8.94748 6.86538 2.39545 4.32422 6.85201 10.7583
4.81475 1.07747
10.7631
10.6582 2.72438 8.73724 9.40244
7.3798 2.02466 1.99131
8.3044 6.29071 2.49031 2.07583 10.1717 2.49951 1.21753 2.48114 8.2598 3.74955 1.05391 6.79302 6.35838 10.1933 1.00201 1.06966 2.95386 9.95224 4.39378 8.78307 4.0892 3.72744 5.67932 5.66389 4.10356 1.15023 8.63108 10.7998 9.85086
2.24341 8.28735 6.85011
0.137033 7.42993 2.58804 8.57896 7.92511 3.89547 8.84518 5.68445
5.00251 5.29352 3.08182 3.12513 5.77341 1.92615 9.68486
10.4396 5.93425 4.97774 5.20198 2.26044 8.2047 7.8116 4.03012 2.74216 9.65392 11.1974 1.48617 3.66654 3.92431 8.517 5.0728 2.113 7.19898 0.96205
4.37724 9.56505 8.9936 8.88741 11.0269 2.5109 8.64804
9.12858 6.8685
6.74986 3.35797
5.76358
6.28344 8.37377 9.91792 9.36432 2.78889 2.82809 5.08447 10.4066 4.2789
7.2889 3.8189 0.901123 11.5924
6.04917 1.21132
10.5764
2.81848 1.71827 1.82094 4.36174 5.93874 6.7181 9.84555 1.3495 2.37328 4.47951 1.76783 5.39826 1.79012 2.94201 9.59584 7.09086
5.37307 6.5229 5.32084 1.44612 10.8427
10.4233 5.7367 1.67495
7.46962
9.58295 6.06495 3.83942 11.3583
6.75177 1.61697 10.2162
6.57644 2.3836 2.51729
6.95063 8.20136 3.0345
2.63862 4.80517 0.95894 3.41229 0.365133
1.88259 8.65811
3.94784 8.76268 9.41596 8.30551 1.76977 6.9086 2.12425 1.34856
6.6576 9.39084 7.4489 7.37744 9.8044 9.70183 9.03325 5.10832 5.40828
5.41245
2.18679 0.488077 11.5259 2.67847 6.24184 10.8274
4.36379
6.20305 7.97302 7.84488 10.6698 4.53609
6.69079
3.48771 9.59117 10.5198 8.57589 4.4979
3.78196 9.78245
8.27538 10.6464 8.40027 8.36402 9.42749 8.83369 2.43538 6.36446 11.5468 5.30561 6.6327
6.70707
9.68145 3.44791 10.3527 9.01071 6.12346 10.0393 4.24995 6.36571 8.65311
0.495038 6.63865 4.39021 6.70484 1.03507
3.68012 9.19186 2.14144
1.26563
9.86952 4.44287
2.91006
1.7557
5.75666 10.3767 10.9938
1.80776 5.81127 4.57518 4.1465 11.2625 7.46517 7.57783 2.37239 10.7394
11.5307 9.95746 7.45379 11.0054
3.434 1.55421 2.06204 6.69488
9.90808 2.88298
8.67719 3.46531 4.87543 1.87005
7.83923
5.90015 3.53395 6.60433 5.73314 2.26043 4.03102 7.15065 9.20106 3.1023 7.8921 9.6741 5.31725 7.30244 9.96654 9.11007 3.00905 11.3119 9.24092 6.38355 9.26642
2.15299 9.57342 4.97255 11.0157 3.91375 9.18198 9.31704 10.8773
3.8011 0.759309 7.89033 1.62585 2.97405 3.84527
5.67031
6.7765 9.88696 8.72234 11.4045 0.859328 3.75936 6.40853 1.97424
5.36179 6.25732 10.0198
4.69212
8.25587 10.9506 8.96515 0.491463 10.0572 4.2731 0.562381 2.81685 4.91162 5.98832 3.71904 1.76992 6.56032 3.24171 9.46186 2.12293 5.43232 3.98435 6.57528 6.13474 4.39603 5.02688
5.98189 1.24375 6.80418 6.5396
8.95006 11.0197 7.58483
9.45139 9.69987 4.07267 7.32159 4.96425 9.60947 10.7721 11.3088 4.37118 6.59964 4.64828 7.29404 7.25847 8.06195
5.85075
2.29143 6.37501 10.9308 7.0435 2.34586 3.80172 7.56821 8.47958 2.9848 6.74895 0.57671 4.65371
3.80442 0.338764 3.88212 11.3395 7.99566 1.15734 8.60345 4.78804 1.6259 3.61107 3.94716 1.5671 6.40335 5.88714 7.23529
6.83107 8.54574 5.98473 8.63201 7.08272 3.56492 4.35376 5.36507 3.49748 5.95861 2.59315 1.77097 0.690709 5.43175 6.05161
3.9886 3.89501 5.78834 2.30385 5.19992 6.73412 4.83743 10.3027 3.22413 10.4813
6.82226 10.0855 11.5608
9.30305 2.43604 0.700133 5.07257
4.52309
0.942453
