28.10460162 2.839672415e+01      
31.05502326 3.104288922e+01      
29.15349855 2.945557335e+01      
30.25635608 3.045635382e+01      
23.80258864 2.400695052e+01      
30.86648155 3.091965590e+01      
37.16087877 3.741193053e+01      
24.19061932 2.457468769e+01      
32.77163819 3.284399627e+01      
32.36830420 3.239534342e+01      
28.24626675 2.841553729e+01      
17.51169305 1.752836966e+01      
16.93021350 1.692207792e+01      
22.99598209 2.282939513e+01      
17.36820600 1.749126444e+01      
25.17200159 2.494794599e+01      
30.22122395 3.006536899e+01      
16.38932620 1.619492857e+01      
24.31519939 2.440419711e+01      
22.30102332 2.247649117e+01      
16.79380691 1.684405434e+01      
24.26832640 2.415848111e+01      
22.25055103 2.213322911e+01      
22.07153858 2.209307559e+01      
15.63193715 1.567860733e+01      
21.18215902 2.111642824e+01      
22.50432260 2.266493520e+01      
20.58661871 2.046841068e+01      
23.45580253 2.360105331e+01      
18.09149195 1.801081568e+01      
26.96956252 2.713366066e+01      
16.50705855 1.673626811e+01      
21.17807735 2.130031240e+01      
25.94236004 2.565082982e+01      
16.40207400 1.620236823e+01      
14.35360185 1.447654700e+01      
14.09481567 1.394666749e+01      
16.13834183 1.641947660e+01      
25.74776830 2.577835173e+01      
24.63561647 2.451241528e+01      
16.01959478 1.589144287e+01      
20.23825233 2.018933611e+01      
36.57266874 3.685873677e+01      
30.99940170 3.130112673e+01      
16.57960732 1.644198304e+01      
21.40863976 2.132387621e+01      
22.00800001 2.192242564e+01      
16.67984171 1.665448961e+01      
23.72238125 2.362815608e+01      
11.92741563 1.183459205e+01      
16.72988446 1.668715491e+01      
12.27903604 1.260951890e+01      
9.49000591 9.663330741e+00      
19.27937203 1.893093953e+01      
19.61415672 1.967550299e+01      
7.08756258 7.247551103e+00      
24.82661797 2.472821231e+01      
17.13926012 1.733068298e+01      
13.05825730 1.302811366e+01      
19.85751299 1.988085881e+01      
23.50765032 2.340777339e+01      
13.20709823 1.319984646e+01      
10.54622517 1.048462520e+01      
15.44708115 1.562088130e+01      
9.41587974 9.531916976e+00      
9.09375070 9.121286686e+00      
28.10789192 2.781655608e+01      
10.78862160 1.057400247e+01      
30.36815998 3.044799641e+01      
11.07137663 1.096457589e+01      
12.04889991 1.205997463e+01      
14.00898666 1.387698600e+01      
17.03969378 1.700038583e+01      
31.46966118 3.130749679e+01      
31.99254016 3.191603706e+01      
13.04871673 1.288327636e+01      
15.92151124 1.599827365e+01      
23.07486079 2.319371229e+01      
19.27687580 1.933114240e+01      
25.54362842 2.593013684e+01      
20.27208910 2.013139380e+01      
12.30927848 1.241394440e+01      
31.60959015 3.147439181e+01      
5.52946959 5.564842291e+00      
16.59236069 1.679014757e+01      
18.57051708 1.864306406e+01      
24.06248377 2.372728877e+01      
5.38994702 5.404960077e+00      
10.50823294 1.059945210e+01      
13.93174469 1.400220627e+01      
8.70503520 8.666747415e+00      
28.82389321 2.867965344e+01      
11.52797915 1.172856482e+01      
10.88596943 1.096102408e+01      
19.65106684 1.961583150e+01      
26.34894815 2.649879353e+01      
3.51209880 3.429750021e+00      
14.24878609 1.429812449e+01      
14.69662600 1.468306652e+01      
10.96385304 1.098415050e+01      
7.11077012 7.120443911e+00      
21.31936729 2.131655041e+01      
12.01238407 1.199633098e+01      
4.90958124 5.042274605e+00      
8.00921428 7.986129040e+00      
26.19947491 2.621352091e+01      
12.94655344 1.261527843e+01      
7.91863667 7.951097848e+00      
13.85583003 1.387921163e+01      
2.34518178 2.309407081e+00      
21.27231553 2.129938536e+01      
9.54259737 9.705776236e+00      
7.69248642 7.704206699e+00      
6.30550757 6.341961462e+00      
11.97147480 1.175177486e+01      
11.90532447 1.201072001e+01      
22.77409673 2.269888224e+01      
30.35273130 3.008955724e+01      
7.62680525 7.466490927e+00      
6.01312299 5.983077578e+00      
7.12588188 7.061744313e+00      
10.14485900 1.021511893e+01      
18.41722825 1.841598930e+01      
7.47454054 7.530041821e+00      
14.72926033 1.475375752e+01      
7.82872968 7.820266849e+00      
26.42581494 2.654024328e+01      
17.70110219 1.759494936e+01      
2.75686848 2.765540204e+00      
2.18613313 2.176312634e+00      
11.49342514 1.154562588e+01      
10.05140377 9.909585307e+00      
11.10451376 1.117740997e+01      
14.87370884 1.490724691e+01      
2.37240074 2.336453370e+00      
3.25441189 3.299760359e+00      
7.14420825 7.286546836e+00      
6.35804002 6.226124513e+00      
5.74927346 5.717572783e+00      
7.47476139 7.496119688e+00      
16.65502874 1.678358786e+01      
8.06674503 8.044295443e+00      
2.75459708 2.842765475e+00      
3.65658836 3.680961151e+00      
26.60937675 2.684056425e+01      
5.56360370 5.614112732e+00      
4.62050852 4.544122669e+00      
21.53430289 2.160334627e+01      
13.86391921 1.381980119e+01      
6.75888905 6.819173870e+00      
7.55804744 7.637638375e+00      
2.85366788 2.906990713e+00      
7.85142358 7.885286445e+00      
1.93482127 2.099307259e+00      
19.80115662 1.981509197e+01      
7.45323163 7.357223864e+00      
6.04800480 6.061891856e+00      
2.85315665 2.976604843e+00      
3.03701496 3.044604435e+00      
2.61677367 2.627854897e+00      
0.86077053 9.224467534e-01      
3.87577542 3.884360329e+00      
1.95816276 2.023001661e+00      
5.67975539 5.626466668e+00      
5.89610641 5.715095769e+00      
4.37628222 4.431425981e+00      
1.92558554 1.884240975e+00      
16.97475216 1.698983477e+01      
1.72396577 1.674628035e+00      
15.69405885 1.553406542e+01      
19.01222182 1.884953984e+01      
3.06767594 3.107755342e+00      
3.97214871 3.923962509e+00      
4.15159542 4.209223768e+00      
2.26989612 2.270026514e+00      
5.02357594 4.867096328e+00      
2.60316465 2.636842571e+00      
18.88277775 1.896488186e+01      
8.86289647 8.944834368e+00      
2.59530200 2.606613582e+00      
1.90784169 1.935148084e+00      
2.80271881 2.795234507e+00      
3.28957137 3.322000776e+00      
3.20881456 3.236465930e+00      
6.19077562 6.106008721e+00      
14.04463600 1.413494013e+01      
6.81281473 6.790066035e+00      
14.15363838 1.408058499e+01      
17.80086230 1.779341390e+01      
25.55266442 2.566200133e+01      
12.02838628 1.197248976e+01      
4.02824100 3.844918397e+00      
4.23016035 4.260622676e+00      
13.69014481 1.381880136e+01      
2.08499426 2.067046563e+00      
7.84310730 8.153195941e+00      
2.37120575 2.365192947e+00      
1.71999802 1.746586099e+00      
3.99753366 3.929367344e+00      
18.71249851 1.872453991e+01      
30.02539501 3.011862414e+01      
1.11034489 1.126250652e+00      
8.91634125 8.835574130e+00      
2.22387484 2.256087160e+00      
9.77238524 9.737408023e+00      
0.47602131 4.064863849e-01      
3.11952259 3.092692065e+00      
11.93829202 1.188616092e+01      
4.95732641 4.942585141e+00      
12.51691105 1.246403555e+01      
4.79298645 4.832491604e+00      
5.06873487 5.125656552e+00      
12.23475318 1.235895630e+01      
4.98291597 4.976958040e+00      
0.83417754 8.392091589e-01      
4.32678004 4.266758487e+00      
7.35861531 7.434413704e+00      
34.29266929 3.446837934e+01      
1.45544891 1.586312329e+00      
2.35460528 2.387327449e+00      
1.73218746 1.758775950e+00      
5.92954105 5.909664444e+00      
7.31602810 7.220914354e+00      
2.04383565 2.012668061e+00      
10.17850178 1.026451195e+01      
13.82614794 1.386243014e+01      
5.77155645 5.790666824e+00      
7.08364225 7.442278294e+00      
11.23404423 1.124521429e+01      
5.33986781 5.318905309e+00      
2.13523028 2.119614692e+00      
0.67425853 7.681919707e-01      
20.38634474 2.030064972e+01      
6.38978970 6.415366446e+00      
2.78371452 2.829782164e+00      
0.83344854 7.733316800e-01      
2.97349761 3.005333987e+00      
8.26992311 8.428869553e+00      
3.91430219 3.910593078e+00      
1.52790945 1.507795778e+00      
0.81835873 7.918817571e-01      
4.08122228 4.163203692e+00      
6.08612278 6.128361401e+00      
3.01756173 2.901738410e+00      
10.68342810 1.080284346e+01      
15.94073470 1.581938861e+01      
1.74871765 1.786862933e+00      
0.33728655 3.342257841e-01      
8.00669440 7.958117270e+00      
9.92310133 9.656705485e+00      
1.75604429 1.827111497e+00      
1.68055611 1.596873729e+00      
3.49051278 3.546092047e+00      
12.47819789 1.235749174e+01      
5.98573060 5.947575464e+00      
0.10273152 1.251312210e-01      
0.23573720 2.556685311e-01      
0.25471733 2.718003899e-01      
5.51976950 5.504986425e+00      
1.89854732 1.911117091e+00      
6.16046435 6.115701601e+00      
2.00000563 2.044855474e+00      
5.66850899 5.640924061e+00      
1.89625520 1.971048655e+00      
2.55874432 2.556378895e+00      
0.13311445 -1.930806668e-02      
5.36891028 5.461148701e+00      
3.47970245 3.414706816e+00      
4.42328826 4.453954428e+00      
1.19474305 1.177845359e+00      
1.98122446 1.987455738e+00      
-0.17157500 -1.284788301e-01      
13.86547083 1.398567725e+01      
1.00836144 1.038064235e+00      
2.35605411 2.414451177e+00      
9.85941677 9.863330293e+00      
3.26727164 3.272101553e+00      
4.09651964 4.096973759e+00      
0.36016286 3.137103309e-01      
0.60435904 5.425351742e-01      
6.61873145 6.700165207e+00      
1.12535392 1.123589062e+00      
0.21911639 2.533331989e-01      
1.56048778 1.618332009e+00      
13.56176094 1.320853375e+01      
1.18859199 1.204846320e+00      
1.42429647 1.446517721e+00      
-0.18926275 -2.182533383e-01      
0.03729440 2.745374436e-02      
0.57830314 5.294228587e-01      
5.42090813 5.572550195e+00      
5.96768576 5.886996298e+00      
5.31855424 5.332108612e+00      
5.24618042 5.366382695e+00      
13.06825610 1.310007234e+01      
-0.33233868 -2.719663371e-01      
3.85454625 3.913546389e+00      
11.54309619 1.171514096e+01      
1.95651478 1.973728383e+00      
0.84244103 8.236358168e-01      
1.20536685 1.249364571e+00      
0.34448708 3.332870075e-01      
0.37856829 4.740771296e-01      
0.67277880 7.270816185e-01      
3.78792677 3.658972473e+00      
-0.06489336 3.753475985e-02      
0.87640920 8.909159104e-01      
0.34341292 3.341022416e-01      
-0.17101996 -1.759232852e-01      
-0.29954742 -2.998770498e-01      
0.11243687 1.052723732e-01      
3.86242202 3.937371808e+00      
2.30747271 2.424124292e+00      
-0.00337478 -3.994169281e-02      
0.21916167 2.203247940e-01      
5.19691080 5.409499472e+00      
6.66919008 6.961643853e+00      
0.07764865 8.883724106e-02      
1.18547552 1.173857939e+00      
0.35657634 3.016973224e-01      
9.18922082 9.217310892e+00      
0.21512730 2.350281398e-01      
-0.04274890 -2.831600342e-02      
9.15795026 9.136423666e+00      
-0.11921215 -1.102089970e-01      
-0.10040270 -1.009998354e-01      
4.00827701 4.091430130e+00      
-0.02263239 8.536167984e-02      
-0.15421499 -1.076826525e-01      
0.10229824 1.169159720e-01      
1.48548406 1.422113178e+00      
0.07584245 8.448597756e-02      
7.90710562 7.914248539e+00      
0.46948939 4.471130544e-01      
0.84176704 8.700163863e-01      
0.08199824 1.311805723e-01      
-0.47342027 -4.479301732e-01      
1.06465819 1.031190390e+00      
0.20755131 2.088167563e-01      
0.15922968 1.761385945e-01      
-0.45180413 -4.410186971e-01      
-0.02322406 -3.736924460e-02      
-0.24320836 -2.045492607e-01      
-0.33191688 -3.103024011e-01      
-0.14275122 -1.441484979e-01      
6.92117463 6.891291465e+00      
0.29762051 3.116377285e-01      
0.32466539 3.655913076e-01      
1.07375961 1.045921921e+00      
0.14207285 1.658648838e-01      
-0.46399216 -4.873467640e-01      
-0.28181545 -2.307715588e-01      
7.06655266 7.192696803e+00      
1.75259793 1.776820991e+00      
-0.39267179 -4.321533887e-01      
0.65507434 6.980889007e-01      
0.84652150 8.527618287e-01      
-0.09487288 -1.088895129e-01      
4.38118861 4.317077757e+00      
-0.37639420 -3.947796693e-01      
-0.38975218 -3.775976638e-01      
-0.28961201 -2.881076947e-01      
-0.40438760 -4.002586417e-01      
1.19753011 1.135972053e+00      
6.36737205 6.414191391e+00      
1.04711028 1.039979638e+00      
3.28190993 3.360608304e+00      
3.16560105 3.154396978e+00      
5.28567147 5.218771412e+00      
-0.10730068 -1.176948487e-01      
0.05274172 6.712992142e-02      
2.05490243 2.047317061e+00      
-0.39380525 -3.937326081e-01      
0.73913263 7.862692965e-01      
0.48015972 5.129424904e-01      
0.33597660 2.948700383e-01      
2.72150403 2.714035999e+00      
-0.01710717 -2.943178913e-02      
1.42351129 1.519730076e+00      
2.85976337 2.851760045e+00      
-0.38493617 -4.072833599e-01      
-0.43005068 -4.624215201e-01      
-0.30570124 -3.020149817e-01      
2.79759696 2.719548652e+00      
-0.32282853 -3.121029670e-01      
0.26112064 2.873494982e-01      
0.01969382 2.379766822e-02      
0.18338167 1.180626668e-01      
-0.35743512 -3.722031141e-01      
-0.41640469 -4.229542780e-01      
-0.32022117 -2.742507167e-01      
-0.23136519 -2.452695911e-01      
2.09847372 2.082184583e+00      
0.18384345 2.316282429e-01      
1.23566149 1.218470464e+00      
-0.39670465 -4.226408635e-01      
-0.17744808 -1.512799126e-01      
-0.34260177 -3.447732713e-01      
-0.28005017 -2.636687304e-01      
1.64420653 1.824243115e+00      
1.61996621 1.617401338e+00      
1.23080752 1.155580473e+00      
2.37237946 2.409767733e+00      
-0.37787859 -3.753620977e-01      
-0.50746012 -5.342533602e-01      
-0.37140101 -3.546763012e-01      
-0.13919188 -1.078616747e-01      
-0.35630889 -3.767462252e-01      
-0.30973542 -3.155702172e-01      
-0.49634869 -5.150632841e-01      
1.36591216 1.388862441e+00      
-0.34743958 -2.977194324e-01      
3.03396989 2.997090647e+00      
-0.41966832 -4.261981585e-01      
0.07853024 9.532681933e-02      
-0.41358878 -3.959907489e-01      
-0.40926554 -4.323733219e-01      
-0.37056428 -3.817076029e-01      
-0.36789069 -3.324186489e-01      
-0.25198281 -2.804818135e-01      
-0.31155748 -3.138146665e-01      
2.44190650 2.401797373e+00      
-0.38582405 -3.923020091e-01      
-0.24271820 -1.800207655e-01      
-0.49273023 -5.110797969e-01      
0.83495761 8.037835830e-01      
-0.38862345 -3.827495511e-01      
-0.43286632 -4.407730608e-01      
-0.36192813 -3.553907419e-01      
-0.39626045 -3.997402978e-01      
-0.30292421 -3.152672636e-01      
-0.27995113 -2.769078579e-01      
-0.30568089 -2.950651025e-01      
0.03791157 3.882115199e-02      
2.01807650 2.033668124e+00      
-0.30236084 -2.545078501e-01      
-0.46034223 -4.357435912e-01      
-0.32004517 -3.334708144e-01      
0.20263338 2.732669050e-01      
-0.05395824 -5.137305968e-02      
-0.17276456 -1.714573919e-01      
-0.37517208 -3.856019495e-01      
-0.36324435 -3.551609430e-01      
0.16092493 1.307398981e-01      
-0.33976543 -3.110121183e-01      
-0.32667682 -3.273141432e-01      
-0.42965945 -4.467801131e-01      
-0.43725734 -3.648610161e-01      
-0.13913573 -1.636468365e-01      
-0.18045561 -1.579268936e-01      
-0.30302699 -3.112870162e-01      
-0.39293364 -4.010738849e-01      
-0.30583508 -3.051451016e-01      
-0.24960665 -2.234693847e-01      
0.30477634 3.215233545e-01      
-0.39350955 -4.061845799e-01      
-0.19352602 -2.009509015e-01      
-0.35531029 -3.437795680e-01      
-0.17655222 -1.519824516e-01      
-0.32933358 -3.010895076e-01      
-0.35942327 -3.660781565e-01      
0.14290787 1.833581147e-01      
-0.29341206 -2.610838524e-01      
-0.36986736 -3.868122963e-01      
-0.42868552 -4.162806165e-01      
-0.28835716 -3.186361396e-01      
-0.35023005 -3.332785790e-01      
0.12890634 7.337339091e-02      
-0.29449653 -3.103486013e-01      
1.99093479 1.962661225e+00      
-0.08759088 -3.345826258e-02      
0.28185432 4.138644269e-01      
-0.32230565 -3.727730943e-01      
3.92138005 3.983802071e+00      
-0.31637937 -3.169613792e-01      
-0.26733759 -2.815917163e-01      
-0.35195081 -3.550361625e-01      
-0.27562623 -2.466766302e-01      
-0.40476964 -4.085878659e-01      
0.41552790 4.188050423e-01      
-0.24667589 -2.365705402e-01      
-0.35798856 -3.599858091e-01      
-0.07162259 -8.338606545e-02      
-0.36754557 -3.488726123e-01      
0.94707917 9.671709031e-01      
-0.24490910 -2.722895244e-01      
-0.06950496 -1.038994936e-02      
-0.37512897 -4.063333848e-01      
-0.39055076 -4.117280979e-01      
-0.39248843 -3.842278131e-01      
-0.25961772 -2.529659084e-01      
-0.27623639 -2.544277782e-01      
-0.26165224 -2.649522916e-01      
-0.35059647 -3.582861963e-01      
-0.31122086 -3.090629239e-01      
-0.34708670 -3.667538612e-01      
-0.32449844 -3.199532129e-01      
0.85866034 8.800327595e-01      
-0.21233049 -1.640582346e-01      
0.12651942 1.237295839e-01      
-0.37533119 -3.806450051e-01      
-0.34505405 -3.570275299e-01      
-0.25282294 -2.484194341e-01      
-0.29306160 -2.861248363e-01      
-0.29747879 -3.170131755e-01      
-0.33520220 -3.191929572e-01      
-0.22670833 -2.308540147e-01      
-0.18720363 -1.123773765e-01      
-0.37830603 -3.768917487e-01      
-0.38819858 -3.998095030e-01      
-0.28174317 -2.447804024e-01      
-0.30141103 -3.081385298e-01      
-0.36392699 -3.416924974e-01      
-0.26270270 -2.555799585e-01      
-0.33563640 -3.383077128e-01      
-0.28641396 -2.808325604e-01      
-0.40348233 -4.110772399e-01      
0.00926454 1.125419094e-02      
-0.27152443 -2.839238171e-01      
-0.03767064 7.299618853e-02      
-0.25696313 -2.711963527e-01      
-0.38401231 -4.059993800e-01      
-0.22545840 -2.035597978e-01      
-0.42458724 -4.655234868e-01      
-0.29476487 -3.146042831e-01      
-0.32634235 -3.351238488e-01      
-0.27087124 -2.815808272e-01      
-0.34357216 -3.378914043e-01      
-0.20095613 -2.120014268e-01      
-0.28160056 -2.551331204e-01      
-0.09395424 -6.097371800e-02      
-0.25952606 -2.789371743e-01      
-0.37410570 -3.696954689e-01      
-0.38646829 -3.787180597e-01      
-0.24893302 -1.859215056e-01      
-0.30133464 -3.092036721e-01      
-0.34867927 -3.520574012e-01      
-0.36059126 -3.823296231e-01      
-0.34817234 -3.587992538e-01      
-0.29826714 -2.929672293e-01      
-0.34171692 -3.496783575e-01      
-0.44237898 -4.579299153e-01      
-0.28628974 -2.801115596e-01      
-0.27464290 -2.183651089e-01      
-0.38705773 -4.043525039e-01      
-0.27210693 -2.713025959e-01      
-0.28446415 -2.502133699e-01      
-0.25802522 -2.654001635e-01      
-0.30508478 -3.037128953e-01      
-0.45458997 -4.528043856e-01      
-0.37475503 -3.851923077e-01      
-0.30008389 -2.998471298e-01      
-0.24358529 -2.547992970e-01      
-0.18197764 -1.727059074e-01      
-0.30329846 -2.916037997e-01      
-0.25015024 -2.247975078e-01      
-0.37188778 -3.485912399e-01      
-0.23362301 -2.403292420e-01      
-0.44479013 -4.538499843e-01      
-0.34465693 -3.544667640e-01      
-0.36195725 -3.528382183e-01      
0.66692617 7.193041028e-01      
-0.27534451 -2.678492427e-01      
-0.25203220 -2.622884984e-01      
-0.32199072 -3.229428346e-01      
-0.29763358 -2.820966476e-01      
-0.22754133 -2.194435514e-01      
-0.17390460 -1.854921932e-01      
-0.42055388 -4.232545002e-01      
-0.24679373 -2.292355706e-01      
-0.18131270 -1.694666796e-01      
-0.17495811 -1.720582547e-01      
-0.39154557 -3.960082064e-01      
-0.35685594 -3.455701517e-01      
-0.36933665 -3.655045371e-01      
-0.45863394 -4.937224653e-01      
-0.41876140 -4.131853603e-01      
-0.21798669 -2.177189292e-01      
-0.29783799 -3.144080253e-01      
-0.26215290 -2.390102196e-01      
-0.36403762 -3.434437659e-01      
-0.31812652 -3.130966344e-01      
-0.26124933 -2.177477863e-01      
-0.19294055 -1.927345747e-01      
-0.40621707 -4.220557662e-01      
-0.17609447 -1.751636923e-01      
-0.28314493 -2.669336819e-01      
-0.36561617 -3.553373179e-01      
-0.17504514 -1.730098893e-01      
-0.25129155 -2.367071166e-01      
-0.26786426 -2.702833667e-01      
-0.25373403 -2.602236699e-01      
-0.20933814 -1.973674806e-01      
-0.34691891 -3.431106218e-01      
-0.23345951 -1.919463659e-01      
-0.30852880 -3.073993512e-01      
-0.15405890 -1.661335416e-01      
-0.18183579 -1.880202816e-01      
-0.14988854 -1.456086284e-01      
-0.41982170 -4.398742681e-01      
-0.16220748 -1.500513189e-01      
-0.24135033 -2.398716273e-01      
-0.29663930 -3.078987503e-01      
-0.20336000 -1.886809367e-01      
-0.37406899 -3.717342120e-01      
-0.19187531 -1.732041208e-01      
-0.18135321 -1.769220757e-01      
-0.14990531 -1.489871999e-01      
-0.16180519 -1.744013928e-01      
-0.21083035 -2.185041981e-01      
-0.34399466 -3.297057690e-01      
-0.18534668 -1.977047903e-01      
-0.24380374 -2.448002583e-01      
-0.27326377 -2.627456743e-01      
-0.14514761 -1.515942203e-01      
-0.18003662 -2.206783355e-01      
-0.22735593 -2.614065145e-01      
-0.24119443 -2.439074847e-01      
-0.26513696 -2.339571034e-01      
-0.18886384 -2.014481405e-01      
-0.30908253 -3.065116182e-01      
-0.22739268 -2.353652591e-01      
-0.13889927 -1.349860144e-01      
-0.29822696 -3.058014030e-01      
-0.30729890 -3.108978843e-01      
-0.25364325 -2.486385838e-01      
-0.23660557 -2.383219887e-01      
-0.17103211 -1.603508603e-01      
-0.18425448 -1.930509685e-01      
-0.26249111 -2.594783489e-01      
-0.28110486 -2.483190892e-01      
-0.26732080 -2.649502112e-01      
-0.20298823 -2.011526069e-01      
-0.31792729 -3.059534474e-01      
-0.24508176 -2.640042732e-01      
-0.28104439 -2.981206042e-01      
-0.21226062 -2.309792198e-01      
-0.16808768 -1.649189745e-01      
-0.27595521 -3.069669357e-01      
-0.32013065 -3.280430895e-01      
-0.18945748 -1.877372090e-01      
-0.18479788 -1.789242181e-01      
-0.14532004 -1.379327213e-01      
-0.13171893 -1.239048022e-01      
-0.31355213 -3.126643743e-01      
-0.24753058 -2.440482684e-01      
-0.23180852 -2.275034267e-01      
-0.19900247 -1.984695513e-01      
-0.34636403 -3.479356063e-01      
-0.22595320 -2.243419701e-01      
-0.13226972 -1.389171324e-01      
-0.18247954 -1.816316414e-01      
-0.13280841 -1.293994032e-01      
-0.10174761 -9.809263671e-02      
-0.15690821 -1.360225716e-01      
-0.34441945 -3.624670525e-01      
-0.19401215 -1.869739090e-01      
-0.12612480 -1.168206764e-01      
-0.10640929 -1.043395271e-01      
-0.13622448 -1.281775049e-01      
-0.27200042 -2.730180185e-01      
-0.33514264 -3.284569186e-01      
-0.19070661 -1.990133885e-01      
-0.22792852 -1.946958008e-01      
-0.19232668 -1.942460247e-01      
-0.12985431 -1.339306848e-01      
-0.27025118 -2.651325686e-01      
-0.34576453 -3.662492642e-01      
-0.23738543 -2.586754957e-01      
-0.14950224 -1.611301292e-01      
-0.13989189 -1.333097850e-01      
-0.32967413 -3.532226012e-01      
-0.17341556 -1.776230853e-01      
-0.17819065 -1.779311720e-01      
-0.27809927 -3.142368523e-01      
-0.17512167 -1.527700244e-01      
-0.26550420 -2.443181746e-01      
-0.28785381 -2.856813420e-01      
-0.19005755 -1.609029803e-01      
-0.14312103 -1.364533585e-01      
-0.27337789 -2.805495761e-01      
-0.19364478 -1.987978194e-01      
-0.10951131 -1.167166737e-01      
-0.28970741 -3.183146561e-01      
-0.11089895 -1.083012540e-01      
-0.23441989 -2.191253769e-01      
-0.17393488 -1.724639271e-01      
-0.11557617 -1.125393996e-01      
-0.15737079 -1.663789391e-01      
-0.30149155 -2.965886378e-01      
-0.24860440 -2.404325258e-01      
-0.08692657 -8.482635204e-02      
-0.23279782 -2.421411807e-01      
-0.09781357 -1.011592162e-01      
-0.25364353 -2.518763575e-01      
-0.15664410 -1.656321977e-01      
-0.19345427 -1.904746477e-01      
-0.10008876 -8.710395917e-02      
-0.13001552 -1.188635656e-01      
-0.21622794 -1.974795149e-01      
-0.26873824 -2.669387609e-01      
-0.27192821 -2.730168267e-01      
-0.26026658 -2.573459199e-01      
-0.13819631 -1.388449741e-01      
-0.13923515 -1.521464997e-01      
-0.12110109 -1.283260278e-01      
-0.08645955 -8.223238291e-02      
-0.08041916 -7.682186162e-02      
-0.13781513 -1.370647144e-01      
-0.09642273 -8.979742317e-02      
-0.16758211 -1.677400876e-01      
-0.10316194 -8.636658871e-02      
-0.09903229 -9.161740140e-02      
-0.28936176 -2.854171625e-01      
-0.13104346 -1.042661630e-01      
-0.12060990 -1.119961949e-01      
-0.11252642 -1.187406223e-01      
-0.09579955 -9.049256497e-02      
-0.15995031 -1.624621773e-01      
-0.08184388 -7.820813439e-02      
-0.13829748 -1.361538880e-01      
-0.10499190 -1.012956659e-01      
-0.10782822 -1.096703601e-01      
-0.09843840 -8.997785588e-02      
-0.10482256 -1.025639102e-01      
-0.12055668 -1.222467757e-01      
-0.13049629 -1.242086286e-01      
-0.22817606 -2.340144572e-01      
-0.09027230 -9.743258443e-02      
-0.12501549 -1.239224375e-01      
-0.09129087 -9.318032376e-02      
-0.11101819 -1.061335290e-01      
-0.16839149 -1.704796892e-01      
-0.07688202 -7.149620200e-02      
-0.17188467 -1.695441811e-01      
-0.09632147 -6.773152396e-02      
-0.17514237 -1.809773137e-01      
-0.18027696 -1.742672249e-01      
-0.12003376 -1.063281222e-01      
-0.10672748 -1.030158386e-01      
-0.26453379 -2.798634967e-01      
-0.22915397 -2.321347396e-01      
-0.07790998 -7.296369154e-02      
-0.17391985 -1.677394141e-01      
-0.13255032 -1.322558693e-01      
-0.13211169 -1.257248480e-01      
-0.13712393 -1.531472214e-01      
-0.11461490 -1.058314915e-01      
-0.14208241 -1.474102918e-01      
-0.22698211 -2.320253800e-01      
-0.15044884 -1.439337955e-01      
-0.22219600 -2.215239845e-01      
-0.11449500 -1.199014775e-01      
-0.16668462 -1.855023914e-01      
-0.17831784 -1.808960595e-01      
-0.19792364 -2.014353821e-01      
-0.08316877 -8.717571708e-02      
-0.10232602 -1.001674293e-01      
-0.10834214 -1.138986981e-01      
-0.07731327 -6.109257323e-02      
-0.09703160 -8.733321004e-02      
-0.11362837 -1.202132487e-01      
-0.09876746 -9.002535374e-02      
-0.07349131 -6.555518832e-02      
-0.11893548 -1.265112515e-01      
-0.12258148 -1.336223829e-01      
-0.22173570 -2.348110244e-01      
-0.06343374 -5.503964268e-02      
-0.07418733 -7.784607147e-02      
-0.12963482 -1.202111612e-01      
-0.05533211 -6.141859752e-02      
-0.07894748 -5.457563367e-02      
-0.12121221 -1.175993267e-01      
-0.06578984 -6.469120941e-02      
-0.09062685 -7.268495119e-02      
-0.20434800 -2.160327178e-01      
-0.16542087 -1.765332063e-01      
-0.13727275 -1.433904235e-01      
-0.13010134 -1.252572909e-01      
-0.13028392 -1.261803101e-01      
-0.10762152 -1.092061264e-01      
-0.13828454 -1.280404732e-01      
-0.06386805 -6.721458703e-02      
-0.13897527 -1.024037761e-01      
-0.06525012 -6.702154374e-02      
-0.09840723 -9.722835330e-02      
-0.07517731 -6.085930189e-02      
-0.07470001 -8.467689704e-02      
-0.10883700 -1.101685517e-01      
-0.21614380 -2.275653624e-01      
-0.08107176 -7.683708051e-02      
-0.09688984 -9.417274795e-02      
-0.11537954 -1.151491912e-01      
-0.07784268 -7.305996389e-02      
-0.05247974 -5.890945128e-02      
-0.14193618 -1.231489136e-01      
-0.07970469 -8.362129403e-02      
-0.07074871 -6.987562599e-02      
-0.06893753 -6.715682892e-02      
-0.07990321 -8.098774984e-02      
-0.15368333 -1.524697043e-01      
-0.06382719 -6.601431633e-02      
-0.14080428 -1.299262640e-01      
-0.07815231 -7.656624158e-02      
-0.12076996 -1.213284154e-01      
-0.14769847 -1.375192009e-01      
-0.16237758 -1.705390137e-01      
-0.12941707 -1.282599459e-01      
-0.06799600 -5.729978490e-02      
-0.05510619 -5.179208280e-02      
-0.06229227 -5.254251521e-02      
-0.08581662 -8.819192560e-02      
-0.06853459 -6.898901158e-02      
-0.07996273 -7.708798762e-02      
-0.06350414 -6.273478896e-02      
-0.11559146 -1.204720002e-01      
-0.14493205 -1.492288162e-01      
-0.05945340 -5.846078644e-02      
-0.06071505 -5.807417807e-02      
-0.12411172 -8.779825595e-02      
-0.06983974 -6.343515054e-02      
-0.14053834 -1.379778570e-01      
-0.08170800 -7.008705868e-02      
-0.18029336 -1.793744461e-01      
-0.14486617 -1.527241336e-01      
-0.05372114 -5.534921816e-02      
-0.12730872 -1.233700208e-01      
-0.10897221 -1.110363921e-01      
-0.08471522 -7.886606585e-02      
-0.12064701 -1.138855795e-01      
-0.04567487 -5.070229781e-02      
-0.07916171 -6.898875811e-02      
-0.10955821 -1.133121786e-01      
-0.05051052 -4.860769062e-02      
-0.06297383 -4.942877702e-02      
-0.13153512 -1.296741136e-01      
-0.16310517 -1.608639222e-01      
-0.13166021 -1.304440362e-01      
-0.07890561 -7.267495910e-02      
-0.13733673 -1.491101225e-01      
-0.04846562 -5.038042747e-02      
-0.15614508 -1.515355051e-01      
-0.13411580 -1.605308903e-01      
-0.11778367 -9.521057588e-02      
-0.06778618 -6.464609498e-02      
-0.04807785 -4.523147152e-02      
-0.11212910 -9.838384684e-02      
-0.04970359 -4.550264427e-02      
-0.09023747 -1.022148826e-01      
-0.09245366 -1.010792465e-01      
-0.10428706 -9.835662224e-02      
-0.05974887 -5.472392983e-02      
-0.09262872 -9.492919632e-02      
-0.13861688 -1.282166519e-01      
-0.04872255 -5.311500231e-02      
-0.11855534 -1.120829513e-01      
-0.05784667 -5.582288472e-02      
-0.07279724 -6.827821091e-02      
-0.04199356 -3.910446662e-02      
-0.08398507 -8.473043381e-02      
-0.05412366 -5.658068344e-02      
-0.09696805 -9.892120931e-02      
-0.06381345 -6.318576939e-02      
-0.07577804 -6.792712645e-02      
-0.05039840 -5.238300997e-02      
-0.13394095 -1.328741015e-01      
-0.07725736 -7.993255539e-02      
-0.07015103 -5.839812480e-02      
-0.10807128 -1.054790175e-01      
-0.09644150 -9.949615287e-02      
-0.08967031 -8.457258633e-02      
-0.09355165 -1.017819515e-01      
-0.05292697 -5.937354558e-02      
-0.06849727 -8.039737824e-02      
-0.08867593 -8.628503915e-02      
-0.04730278 -4.402268841e-02      
-0.03859427 -3.745522410e-02      
-0.03760729 -3.300619704e-02      
-0.06671995 -7.445902352e-02      
-0.04732019 -3.600018749e-02      
-0.03883253 -3.379755368e-02      
-0.08430314 -8.188531650e-02      
-0.06130100 -5.152176891e-02      
-0.07998516 -7.634916177e-02      
-0.12373897 -1.212246780e-01      
-0.04525241 -4.376997585e-02      
-0.07945071 -7.947686103e-02      
-0.07404304 -6.753567554e-02      
-0.07177464 -7.321200638e-02      
-0.06745301 -5.941625718e-02      
-0.04651072 -4.838871229e-02      
-0.09582859 -7.666850028e-02      
-0.11330150 -1.243658790e-01      
-0.09669165 -9.323243366e-02      
-0.08961965 -7.709082588e-02      
-0.10709847 -1.073254664e-01      
-0.06153698 -6.033259932e-02      
-0.10527063 -1.039692341e-01      
-0.07436862 -7.179553032e-02      
-0.06593872 -6.035043651e-02      
-0.07364537 -7.092384177e-02      
-0.06763386 -6.439407134e-02      
-0.05865239 -6.347725452e-02      
-0.06655680 -3.488388768e-02      
-0.06322067 -5.682401966e-02      
-0.05019063 -4.925326356e-02      
-0.06807000 -5.964768893e-02      
-0.04513154 -4.364038045e-02      
-0.06795703 -7.069575249e-02      
-0.07869667 -7.557244087e-02      
-0.05586228 -5.536717117e-02      
-0.06335402 -6.418080898e-02      
-0.04382750 -4.646578373e-02      
-0.09497356 -9.379003812e-02      
-0.04215829 -5.063121595e-02      
-0.03884893 -2.006957515e-02      
-0.07885790 -7.855471227e-02      
-0.03702034 -3.803594648e-02      
-0.07886900 -7.253668393e-02      
-0.05040195 -4.843914197e-02      
-0.05454741 -5.803889098e-02      
-0.03106361 -3.149965210e-02      
-0.09675405 -9.673308059e-02      
-0.07960939 -7.277459638e-02      
-0.03879536 -3.970105221e-02      
-0.07775491 -7.170877379e-02      
-0.02951164 -3.273315040e-02      
-0.03351913 -1.275930789e-02      
-0.05184184 -5.209007093e-02      
-0.03628833 -3.822922076e-02      
-0.03519045 -2.508804226e-02      
-0.04366373 -4.261346860e-02      
-0.04654269 -5.220180411e-02      
-0.03825538 -3.873655027e-02      
-0.05426269 -5.256627903e-02      
-0.03737111 -3.577010274e-02      
-0.04271747 -4.460142216e-02      
-0.06666359 -6.120621739e-02      
-0.03914810 -4.498262871e-02      
-0.02936192 -1.113686349e-02      
-0.04835623 -4.367183353e-02      
-0.05824829 -5.772016799e-02      
-0.04044711 -3.641157226e-02      
-0.05833812 -5.338685083e-02      
-0.06255783 -7.180777436e-02      
-0.07350335 -7.855462831e-02      
-0.05909268 -5.900596705e-02      
-0.05315475 -4.600159294e-02      
-0.03195897 -3.445536698e-02      
-0.02995991 -2.945873598e-02      
-0.07188754 -7.553528529e-02      
-0.05042932 -3.036481488e-02      
-0.06164527 -6.342490088e-02      
-0.03315445 -3.592369250e-02      
-0.03227282 -2.203012752e-02      
-0.02603535 -2.560074049e-02      
-0.04021068 -4.246455071e-02      
-0.07573977 -7.924160886e-02      
-0.06998229 -6.831947095e-02      
-0.03314577 -2.903496365e-02      
-0.04012880 -4.267247221e-02      
-0.03952651 -3.807230182e-02      
-0.03657511 -4.195891737e-02      
-0.04366764 -2.535166560e-02      
-0.05607767 -5.081040471e-02      
-0.03663631 -3.805803797e-02      
-0.05485930 -4.044250936e-02      
-0.06569979 -6.350919867e-02      
-0.05458732 -5.301283188e-02      
-0.05216646 -4.647677254e-02      
-0.06465069 -6.052641723e-02      
-0.04589104 -4.221487762e-02      
-0.05743228 -6.260232174e-02      
-0.05020109 -4.716146649e-02      
-0.03812237 -4.344471395e-02      
-0.03025459 -2.542045242e-02      
-0.07142778 -7.761633786e-02      
-0.04536275 -4.272563690e-02      
-0.03274702 -2.885241394e-02      
-0.02896692 -3.023316178e-02      
-0.04334667 -5.170590338e-02      
-0.02757958 -2.651122449e-02      
-0.02440533 -2.322269738e-02      
-0.05898571 -5.469612537e-02      
-0.03075524 -3.215409852e-02      
-0.06827399 -6.174627862e-02      
-0.03975473 -4.271831342e-02      
-0.03895642 -3.420485801e-02      
-0.09203936 -8.869042355e-02      
-0.04440969 -3.972650701e-02      
-0.02967957 -2.185205029e-02      
-0.03767200 -3.483200809e-02      
-0.04027590 -4.431288027e-02      
-0.03775171 -3.727862075e-02      
-0.04150078 -4.116825086e-02      
-0.06917072 -7.045258674e-02      
-0.02834323 -2.956642719e-02      
-0.05123856 -4.871264895e-02      
-0.02547351 -2.495379206e-02      
-0.04073809 -3.767102281e-02      
-0.02344117 -2.002828280e-02      
-0.02548748 -2.601167012e-02      
-0.03476134 -2.687978885e-02      
-0.05832570 -5.470241226e-02      
-0.02266865 -2.382571266e-02      
-0.02325423 -2.234821586e-02      
-0.03895546 -3.619783892e-02      
-0.05176225 -4.251451113e-02      
-0.03076598 -3.310281850e-02      
-0.03992652 -3.659737251e-02      
-0.02944032 -2.963153769e-02      
-0.04497907 -3.829922836e-02      
-0.03689597 -3.190748468e-02      
-0.03479359 -3.386998568e-02      
-0.02443244 -2.150574962e-02      
-0.02361642 -2.138171915e-02      
-0.02835223 -3.058434650e-02      
-0.03437808 -3.555580273e-02      
-0.04653518 -4.675568077e-02      
-0.03578406 -3.054379500e-02      
-0.03259870 -3.118084857e-02      
-0.02304966 -2.114910388e-02      
-0.03663059 -3.960177599e-02      
-0.02093487 -8.864634828e-03      
-0.05199570 -5.213202399e-02      
-0.05126880 -5.336435242e-02      
-0.03333040 -2.100202369e-02      
-0.04300695 -3.793697032e-02      
-0.03419043 -3.740677331e-02      
-0.03428020 -3.373927431e-02      
-0.03716754 -3.489981522e-02      
-0.02286726 -1.855025146e-02      
-0.04152254 -3.756122857e-02      
-0.04032748 -3.771238872e-02      
-0.02109509 -2.081733098e-02      
-0.05810256 -5.859319028e-02      
-0.05023030 -4.965828096e-02      
-0.04426906 -4.477906880e-02      
-0.02618846 -2.260553302e-02      
-0.02417449 -2.389987697e-02      
-0.05462850 -5.359123096e-02      
-0.02859797 -2.796157944e-02      
-0.04617395 -4.541871478e-02      
-0.04531045 -3.873747502e-02      
-0.01935262 -2.000890796e-02      
-0.04472766 -4.420971665e-02      
-0.04347651 -4.228464241e-02      
-0.02896146 -1.602363552e-02      
-0.05156149 -4.959234605e-02      
-0.04398045 -4.223923744e-02      
-0.03958049 -3.153573023e-02      
-0.02497149 -2.289370369e-02      
-0.03903585 -3.981189323e-02      
-0.02325552 -2.307583271e-02      
-0.04172806 -4.043889413e-02      
-0.04696076 -4.024437227e-02      
-0.02753220 -2.948027615e-02      
-0.02398911 -2.232698602e-02      
-0.04741561 -5.064679195e-02      
-0.02511665 -1.485991945e-02      
-0.05182298 -4.538286378e-02      
-0.04377808 -4.187769502e-02      
-0.02463775 -1.608541973e-02      
-0.01890629 -1.763568962e-02      
-0.02834668 -3.058181947e-02      
-0.04102151 -4.200378302e-02      
-0.02774322 -2.695402220e-02      
-0.02130486 -1.735344887e-02      
-0.02279736 -2.286774839e-02      
-0.05864512 -5.554317559e-02      
-0.01916950 -1.974006091e-02      
-0.02316338 -8.289100950e-03      
-0.06045690 -5.369406769e-02      
-0.02223152 -2.045729616e-02      
-0.03710140 -3.085460294e-02      
-0.04762754 -4.166150812e-02      
-0.01909830 -1.914820008e-02      
-0.03877824 -3.903483078e-02      
-0.02395230 -2.467893930e-02      
-0.02746436 -2.439579064e-02      
-0.03375867 -3.426220644e-02      
-0.01876841 -1.688462307e-02      
-0.02373888 -2.667335948e-02      
-0.04291520 -3.466073916e-02      
-0.02235448 -2.170122360e-02      
-0.02308339 -2.217227370e-02      
-0.02607195 -2.370829265e-02      
-0.02562510 -2.425066370e-02      
-0.01729116 -2.033013700e-02      
-0.02096571 -2.125700643e-02      
-0.02067042 -2.000605428e-02      
-0.04196712 -3.256548998e-02      
-0.02798861 -2.653224017e-02      
-0.02447255 -2.159722314e-02      
-0.01429930 -1.656257305e-02      
-0.03249755 -2.479827933e-02      
-0.03369158 -3.039146299e-02      
-0.03956063 -3.916083983e-02      
-0.02549650 -1.576724797e-02      
-0.03771770 -3.742055895e-02      
-0.01831452 -1.961591283e-02      
-0.01707743 -1.744172527e-02      
-0.03563617 -3.417703090e-02      
-0.02151613 -1.684523344e-02      
-0.02231663 -2.312484903e-02      
-0.03744844 -3.389842351e-02      
-0.02169091 -2.430018225e-02      
-0.01627269 -7.131503554e-03      
-0.02436850 -2.312747221e-02      
-0.01852552 -1.872397520e-02      
-0.01825838 -1.531286859e-02      
-0.02351968 -1.992480945e-02      
-0.02256212 -2.228121793e-02      
-0.03774853 -3.461732618e-02      
-0.02385888 -2.491664264e-02      
-0.02534259 -2.077663529e-02      
-0.01809663 -1.781947816e-02      
-0.02762813 -2.377915746e-02      
-0.03076598 -3.137034686e-02      
-0.01394300 -9.447903639e-03      
-0.04258618 -3.985722895e-02      
-0.03333117 -3.047389687e-02      
-0.03372191 -3.120407111e-02      
-0.02730267 -2.420147899e-02      
-0.02111869 -2.325730669e-02      
-0.01700844 -1.699473218e-02      
-0.02522359 -2.317836874e-02      
-0.03124593 -2.497562819e-02      
-0.02620237 -2.846266137e-02      
-0.02995387 -2.821946587e-02      
-0.01943400 -2.056005996e-02      
-0.02276897 -1.400545728e-02      
-0.02274463 -1.844601522e-02      
-0.03878676 -3.765005955e-02      
-0.02150072 -1.589941246e-02      
-0.01906596 -1.931468597e-02      
-0.03487749 -4.191765306e-02      
-0.03330031 -3.166609277e-02      
-0.01623052 -1.648552506e-02      
-0.01498751 -1.168824605e-02      
-0.01474614 -1.534660592e-02      
-0.02776707 -2.421593649e-02      
-0.02446631 -2.709883466e-02      
-0.01616099 -6.547568419e-03      
-0.03654343 -3.463110122e-02      
-0.02892394 -2.827971380e-02      
-0.03291383 -2.138814154e-02      
-0.01798488 -1.431785212e-02      
-0.01466746 -1.555755087e-02      
-0.01462621 -1.394188537e-02      
-0.02885453 -2.638651135e-02      
-0.03418212 -3.141942064e-02      
-0.02193630 -2.119787160e-02      
-0.02045316 -2.016248764e-02      
-0.01676926 -1.693476185e-02      
-0.01308221 -5.237090680e-03      
-0.01914500 -1.568836576e-02      
-0.02128265 -2.031060782e-02      
-0.02320933 -1.503774426e-02      
-0.01846212 -1.614215084e-02      
-0.01667091 -1.730996983e-02      
-0.02916680 -2.617835598e-02      
-0.01545564 -1.374890589e-02      
-0.02475825 -1.965755440e-02      
-0.02440224 -2.393580666e-02      
-0.02171433 -1.984322406e-02      
-0.02410625 -2.661714500e-02      
-0.01220047 -4.595966171e-03      
-0.02897325 -2.736824207e-02      
-0.01112851 -1.101857406e-02      
-0.02278201 -1.362207274e-02      
-0.01346263 -1.212900198e-02      
-0.02789296 -2.966906310e-02      
-0.01560085 -1.515791680e-02      
-0.02602067 -2.578462477e-02      
-0.02134200 -1.540292144e-02      
-0.02632651 -2.809226849e-02      
-0.01809433 -1.652190497e-02      
-0.01476896 -1.515870376e-02      
-0.01786335 -1.784069845e-02      
-0.02161034 -1.837999641e-02      
-0.01558362 -1.474097861e-02      
-0.02385887 -1.432623016e-02      
-0.01376897 -1.186158534e-02      
-0.02109180 -2.235721763e-02      
-0.02602867 -2.718400878e-02      
-0.02541304 -2.499402722e-02      
-0.02915677 -2.525538731e-02      
-0.02697896 -2.841645258e-02      
-0.03369138 -3.187683890e-02      
-0.01340627 -1.567210230e-02      
-0.03107052 -1.535031668e-02      
-0.01707085 -1.549897030e-02      
-0.01135529 -1.184434172e-02      
-0.01147396 -6.441224948e-03      
-0.02335664 -2.117243795e-02      
-0.01358535 -1.454473371e-02      
-0.02365350 -2.328472333e-02      
-0.01571336 -1.343771905e-02      
-0.02204223 -1.713098868e-02      
-0.01236050 -1.293375935e-02      
-0.02048640 -1.920146024e-02      
-0.01602076 -1.641828487e-02      
-0.01746091 -1.303790659e-02      
-0.03035918 -3.196206108e-02      
-0.01682758 -1.530418233e-02      
-0.00882879 -5.478528589e-03      
-0.01560819 -1.422358912e-02      
-0.02344978 -2.579856388e-02      
-0.01261657 -1.355203742e-02      
-0.01993912 -1.991807545e-02      
-0.01380625 -1.080711312e-02      
-0.01188135 -1.222615200e-02      
-0.01503681 -1.386971218e-02      
-0.01896119 -2.056616437e-02      
-0.01084364 -7.277032787e-03      
-0.02604256 -2.340767943e-02      
-0.02306437 -2.248123787e-02      
-0.01085842 -9.279992477e-03      
-0.01261289 -9.549596308e-03      
-0.01096798 -1.190418202e-02      
-0.01146065 -1.096750356e-02      
-0.01815012 -1.880998627e-02      
-0.01996158 -1.748542769e-02      
-0.01862248 -1.793108931e-02      
-0.01355891 -1.306205826e-02      
-0.01426259 -1.505356163e-02      
-0.00900368 -4.400128281e-03      
-0.01746138 -1.371655870e-02      
-0.02258896 -2.047607710e-02      
-0.00891372 -4.735053827e-03      
-0.02199519 -2.069349619e-02      
-0.01027243 -1.118048467e-02      
-0.01093424 -1.111662636e-02      
-0.02235807 -2.027674429e-02      
-0.01821614 -1.332152173e-02      
-0.02284223 -2.328401535e-02      
-0.01406440 -1.267796880e-02      
-0.01232398 -1.306785211e-02      
-0.01859219 -1.243594571e-02      
-0.02449568 -2.355063332e-02      
-0.01301559 -1.215438300e-02      
-0.00947828 -6.155219191e-03      
-0.01135923 -8.905170946e-03      
-0.01812505 -1.865074220e-02      
-0.01138825 -1.049669676e-02      
-0.01693939 -1.604570267e-02      
-0.01530514 -1.302047664e-02      
-0.00928823 -9.478560926e-03      
-0.01535335 -1.394585988e-02      
-0.01398999 -1.462785536e-02      
-0.00974666 -5.962937422e-03      
-0.01536907 -1.537077875e-02      
-0.01390029 -1.362907902e-02      
-0.01441191 -1.113054287e-02      
-0.01862846 -1.477575295e-02      
-0.01959575 -2.094023087e-02      
-0.01261735 -1.152219586e-02      
-0.02259944 -2.195344009e-02      
-0.01883986 -1.538338807e-02      
-0.01056409 -1.119748136e-02      
-0.01073057 -9.177060058e-03      
-0.01662952 -1.950063507e-02      
-0.01290605 -1.153438622e-02      
-0.01921757 -1.658483477e-02      
-0.01239147 -1.058120201e-02      
-0.01969361 -1.835423333e-02      
-0.01510133 -1.323148253e-02      
-0.01785347 -1.991295850e-02      
-0.01761971 -1.621723991e-02      
-0.01647882 -1.557076443e-02      
-0.01763166 -1.426560971e-02      
-0.00919405 -8.343496251e-03      
-0.01542302 -1.349775168e-02      
-0.01384346 -1.283388340e-02      
-0.01459671 -4.362202105e-03      
-0.01867181 -1.771826582e-02      
-0.00953114 -9.970360407e-03      
-0.01010844 -8.366357482e-03      
-0.01620979 -1.327722975e-02      
-0.01209366 -1.229204344e-02      
-0.01287262 -1.263131405e-02      
-0.01701839 -1.726168148e-02      
-0.01351022 -1.182049631e-02      
-0.01763663 -1.792044919e-02      
-0.01693836 -1.545614961e-02      
-0.00953181 -8.835847991e-03      
-0.00776921 -5.095065519e-03      
-0.01386109 -1.277690492e-02      
-0.01945278 -1.891246020e-02      
-0.01598846 -1.290462026e-02      
-0.00933524 -8.340804357e-03      
-0.01720245 -1.719922831e-02      
-0.01030913 -1.010578623e-02      
-0.00908383 -8.214882260e-03      
-0.01551200 -1.183763078e-02      
-0.01284194 -1.298398104e-02      
-0.00957050 -8.992213598e-03      
-0.01732196 -1.763188782e-02      
-0.01440577 -5.424090592e-03      
-0.01025005 -9.753490309e-03      
-0.00803759 -7.820489173e-03      
-0.01934085 -1.442843725e-02      
-0.00847906 -7.203358399e-03      
-0.01464968 -1.509492460e-02      
-0.00887899 -7.678878823e-03      
-0.01346590 -1.369522606e-02      
-0.00683655 -5.521271386e-03      
-0.01176053 -1.073100374e-02      
-0.01307870 -1.213687424e-02      
-0.01413683 -1.606986422e-02      
-0.01778538 -9.458386318e-03      
-0.01318778 -1.289460496e-02      
-0.01304764 -1.248505653e-02      
-0.01457438 -1.118027628e-02      
-0.01597320 -1.358719403e-02      
-0.01893579 -2.179843494e-02      
-0.00914730 -8.994393690e-03      
-0.01214182 -1.033244098e-02      
-0.01200123 -1.003407967e-02      
-0.01533646 -1.596353868e-02      
-0.01288885 -1.037328385e-02      
-0.01044995 -1.027220761e-02      
-0.00740412 -3.027270001e-03      
-0.01284495 -9.388497555e-03      
-0.01646528 -1.724479247e-02      
-0.01553752 -1.137808993e-02      
-0.01231825 -9.826103749e-03      
-0.01208517 -1.330197190e-02      
-0.01073795 -1.145108574e-02      
-0.00787055 -7.496110368e-03      
-0.00782391 -5.845985496e-03      
-0.01580921 -1.633694779e-02      
-0.00851632 -7.868139142e-03      
-0.01011511 -1.061333606e-02      
-0.01272959 -6.669074621e-03      
-0.01277320 -1.150208734e-02      
-0.01516777 -1.436871690e-02      
-0.00921422 -5.650314640e-03      
-0.00968567 -8.189591037e-03      
-0.00754020 -8.233941522e-03      
-0.00782021 -7.308326074e-03      
-0.01124893 -1.115172075e-02      
-0.00728289 -5.454824276e-03      
-0.00718514 -7.133940851e-03      
-0.00998993 -8.897065187e-03      
-0.01384696 -1.491565952e-02      
-0.00967809 -2.846534758e-03      
-0.01298265 -1.366098015e-02      
-0.01582839 -1.480899790e-02      
-0.00689234 -6.223121551e-03      
-0.00892451 -7.586231617e-03      
-0.00815024 -8.765140238e-03      
-0.00996429 -9.101354674e-03      
-0.00749001 -7.122150351e-03      
-0.01353710 -1.115208101e-02      
-0.00948825 -9.002779285e-03      
-0.01246481 -1.141021083e-02      
-0.00977913 -9.912436166e-03      
-0.00884883 -1.612292779e-03      
-0.00621561 -6.793537540e-03      
-0.00824692 -7.217508278e-03      
-0.01082217 -7.992191868e-03      
-0.00683032 -6.051113110e-03      
-0.00821549 -9.846419876e-03      
-0.00745089 -7.128717640e-03      
-0.00959345 -8.172448776e-03      
-0.01308104 -1.063458740e-02      
-0.00767237 -7.623793644e-03      
-0.00626951 -5.521678892e-03      
-0.01231358 -1.341965498e-02      
-0.01124360 -2.824388172e-03      
-0.00798643 -6.416333399e-03      
-0.01018361 -8.456111632e-03      
-0.00709377 -4.508001385e-03      
-0.00636862 -5.336800331e-03      
-0.00608397 -6.139449026e-03      
-0.00939791 -8.361633279e-03      
-0.01101824 -1.053131405e-02      
-0.00886792 -6.057503715e-03      
-0.01031458 -1.005621208e-02      
-0.00745458 -6.842607305e-03      
-0.00759496 -7.231794560e-03      
-0.01272187 -9.652107897e-03      
-0.01124088 -8.273413160e-03      
-0.00715722 -7.104023902e-03      
-0.00941576 -6.487894220e-03      
-0.00765679 -5.647544449e-03      
-0.01202805 -1.241640614e-02      
-0.00681436 -6.480087895e-03      
-0.00666717 -6.298229169e-03      
-0.01090699 -8.634884664e-03      
-0.00854524 -7.473361056e-03      
-0.00845505 -7.465764485e-03      
-0.00951506 -8.931094647e-03      
-0.00682656 -2.335092887e-03      
-0.00769336 -5.924794350e-03      
-0.00790950 -7.531991112e-03      
-0.01218818 -7.667624681e-03      
-0.00918062 -7.349453053e-03      
-0.01183804 -1.192998166e-02      
-0.01102431 -1.081829180e-02      
-0.00913395 -8.077316656e-03      
-0.01185732 -1.004393340e-02      
-0.01111284 -1.093766471e-02      
-0.01089537 -9.633966851e-03      
-0.00798036 -8.472294104e-03      
-0.00690217 -1.240997977e-03      
-0.00730977 -4.816807207e-03      
-0.00922903 -8.519025539e-03      
-0.01186468 -9.162396029e-03      
-0.00822826 -6.708737699e-03      
-0.00831696 -8.270543408e-03      
-0.00899664 -8.773730576e-03      
-0.00890753 -8.367566918e-03      
-0.01079825 -8.531106044e-03      
-0.00545690 -5.555821306e-03      
-0.00656571 -5.475628568e-03      
-0.01005030 -1.116033498e-02      
-0.00872223 -3.543961232e-03      
-0.00985519 -7.774412792e-03      
-0.00983333 -9.026760308e-03      
-0.01006447 -6.602470687e-03      
-0.01054534 -7.822531697e-03      
-0.00856515 -8.972887957e-03      
-0.00767437 -6.680774299e-03      
-0.00830037 -7.587957457e-03      
-0.00592591 -5.170396912e-03      
-0.00958512 -8.834652420e-03      
-0.01050444 -9.107160131e-03      
-0.00743575 -7.322256560e-03      
-0.00530862 -1.297281119e-03      
-0.00770280 -5.877425556e-03      
-0.01000789 -9.027682746e-03      
-0.00549034 -4.220092671e-03      
-0.00873315 -8.008163676e-03      
-0.00898697 -8.848860497e-03      
-0.00662266 -5.101013084e-03      
-0.00741688 -6.494122567e-03      
-0.00810770 -6.121393372e-03      
-0.00883126 -8.781024241e-03      
-0.00800002 -7.019934619e-03      
-0.00932154 -1.015594547e-02      
-0.00851868 -4.239088324e-03      
-0.00959400 -8.788060235e-03      
-0.00540130 -4.902905204e-03      
-0.00806080 -4.841823725e-03      
-0.00544435 -4.193158990e-03      
-0.00799925 -8.357245975e-03      
-0.00750944 -7.188765083e-03      
-0.00904753 -8.580934003e-03      
-0.00583848 -5.005613328e-03      
-0.00781844 -7.487509511e-03      
-0.00631146 -5.749276492e-03      
-0.00512962 -4.746460425e-03      
-0.00818456 -6.134067500e-03      
-0.00496776 -5.612927619e-03      
-0.00747320 -7.262897166e-03      
-0.00749094 -4.232113155e-03      
-0.01060943 -8.757783164e-03      
-0.00466413 -4.589897425e-03      
-0.00587691 -4.857414911e-03      
-0.00518296 -4.543226640e-03      
-0.00675970 -5.264371283e-03      
-0.00611923 -5.907907888e-03      
-0.01020927 -9.538864578e-03      
-0.00435270 -4.395907014e-03      
-0.00626874 -3.259573402e-03      
-0.00913166 -1.090697076e-02      
-0.00534537 -4.891806028e-03      
-0.00690031 -4.235098012e-03      
-0.00503237 -4.822113682e-03      
-0.00633678 -6.173286094e-03      
-0.00516312 -4.489941213e-03      
-0.00650859 -5.760063659e-03      
-0.00915489 -7.888836014e-03      
-0.00629146 -6.574019633e-03      
-0.00816619 -7.170159785e-03      
-0.00538875 -4.921132477e-03      
-0.00708960 -2.419728575e-03      
-0.00745051 -6.056272982e-03      
-0.00568323 -5.578828621e-03      
-0.00778092 -6.435421360e-03      
-0.00565625 -5.109296104e-03      
-0.00725206 -7.203876854e-03      
-0.00548780 -5.389778941e-03      
-0.00820297 -7.430910768e-03      
-0.00731593 -5.202391432e-03      
-0.00471063 -4.518450511e-03      
-0.00611827 -5.608094865e-03      
-0.00425349 -4.204797881e-03      
-0.00494134 -4.359978183e-03      
-0.00876376 -9.081038614e-03      
-0.00933163 -8.141104690e-03      
-0.00792069 -6.276742949e-03      
-0.00668237 -7.283483003e-03      
-0.00462690 -4.725648594e-03      
-0.00878815 -7.813405296e-03      
-0.00639001 -5.900154987e-03      
-0.00577696 -4.691138050e-03      
-0.00630431 -6.522999199e-03      
-0.00566028 -4.513183159e-03      
-0.00931576 -8.994280233e-03      
-0.00795784 -2.857107398e-03      
-0.00419094 -4.218912820e-03      
-0.00437862 -4.378749503e-03      
-0.00628714 -3.193820168e-03      
-0.00525731 -4.481681464e-03      
-0.00830998 -8.361043263e-03      
-0.00862684 -8.621446566e-03      
-0.00470737 -4.501062981e-03      
-0.00593709 -5.060132212e-03      
-0.00496762 -4.647394769e-03      
-0.00742381 -6.632335584e-03      
-0.00727239 -7.249747063e-03      
-0.00510851 -3.684836699e-03      
-0.00424846 -3.808642365e-03      
-0.00790449 -6.955701594e-03      
-0.00727480 -4.128550167e-03      
-0.00515997 -4.034230980e-03      
-0.00577840 -5.917835670e-03      
-0.00430703 -4.004701661e-03      
-0.00355172 -3.682743049e-03      
-0.00638820 -4.729338945e-03      
-0.00603230 -5.360297891e-03      
-0.00767566 -7.774272286e-03      
-0.00535601 -5.126392652e-03      
-0.00859416 -3.707660653e-03      
-0.00519132 -4.927418765e-03      
-0.00404667 -3.928814142e-03      
-0.00614190 -3.805774033e-03      
-0.00433031 -4.420869766e-03      
-0.00667165 -6.503011394e-03      
-0.00544537 -4.926047484e-03      
-0.00427226 -4.426142876e-03      
-0.00568528 -4.362578837e-03      
-0.00451980 -4.330427394e-03      
-0.00446579 -3.818441565e-03      
-0.00464349 -4.461269881e-03      
-0.00589769 -3.634472878e-03      
-0.00596467 -5.582177694e-03      
-0.00722650 -6.456729028e-03      
-0.00602298 -4.876324309e-03      
-0.00383819 -3.966102174e-03      
-0.00450140 -3.585607896e-03      
-0.00678536 -5.820919145e-03      
-0.00407991 -4.207077265e-03      
-0.00423568 -3.990642825e-03      
-0.00359284 -3.695865581e-03      
-0.00410356 -3.671258000e-03      
-0.00563166 -6.251824909e-03      
-0.00681950 -2.400587611e-03      
-0.00773628 -6.037542346e-03      
-0.00607478 -5.700443004e-03      
-0.00535086 -4.078750847e-03      
-0.00716536 -5.632278630e-03      
-0.00558997 -5.432566842e-03      
-0.00370759 -3.563255107e-03      
-0.00365873 -3.498310784e-03      
-0.00571950 -4.356873375e-03      
-0.00515378 -5.081153268e-03      
-0.00595140 -4.811369557e-03      
-0.00676952 -6.863668183e-03      
-0.00360915 -3.922340093e-03      
-0.00503873 -4.711986876e-03      
-0.00497755 -4.526525857e-03      
-0.00289647 -2.993784486e-03      
-0.00646976 -5.163556290e-03      
-0.00531555 -4.437047417e-03      
-0.00382960 -3.899668310e-03      
-0.00507630 -4.685142222e-03      
-0.00411340 -4.407145773e-03      
-0.00349490 -3.549256851e-03      
-0.00568410 -4.964190912e-03      
-0.00385873 -3.871955071e-03      
-0.00615338 -3.510376208e-03      
-0.00652650 -5.610390471e-03      
-0.00519705 -5.026551062e-03      
-0.00432888 -3.787210423e-03      
-0.00439643 -3.756545715e-03      
-0.00534338 -5.441887691e-03      
-0.00403370 -3.990732106e-03      
-0.00403496 -4.101327364e-03      
-0.00655523 -5.862193488e-03      
-0.00661628 -6.293954001e-03      
-0.00416903 -3.676241485e-03      
-0.00300420 -3.378954948e-03      
-0.00351199 -3.707293869e-03      
-0.00493620 -3.963434459e-03      
-0.00383430 -3.811191628e-03      
-0.00505253 -3.884326118e-03      
-0.00534025 -4.684349024e-03      
-0.00477574 -4.567332885e-03      
-0.00461735 -4.332128325e-03      
-0.00451437 -4.356343945e-03      
-0.00611088 -5.101989349e-03      
-0.00615216 -6.002159039e-03      
-0.00398250 -3.593117358e-03      
-0.00509954 -5.037251383e-03      
-0.00569859 -5.335735101e-03      
-0.00390685 -2.802795799e-03      
-0.00498060 -4.700131152e-03      
-0.00469000 -4.040896141e-03      
-0.00353682 -3.146049138e-03      
-0.00357495 -3.608632928e-03      
-0.00336375 -3.306195280e-03      
-0.00330367 -3.378142828e-03      
-0.00563071 -4.262890329e-03      
-0.00416420 -3.863566537e-03      
-0.00658560 -5.750680860e-03      
-0.00493829 -4.667553935e-03      
-0.00507288 -3.902835230e-03      
-0.00326306 -2.802146850e-03      
-0.00303359 -2.808867237e-03      
-0.00455334 -4.038761757e-03      
-0.00327319 -3.106589441e-03      
-0.00451314 -4.215073314e-03      
-0.00704346 -5.821811814e-03      
-0.00420367 -4.343362181e-03      
-0.00486480 -3.821112292e-03      
-0.00294706 -2.899034849e-03      
-0.00577188 -5.143616284e-03      
-0.00528011 -5.082040046e-03      
-0.00319874 -3.857548566e-03      
-0.00463547 -3.758596428e-03      
-0.00580919 -5.512164949e-03      
-0.00457151 -4.514707801e-03      
-0.00366153 -3.412623379e-03      
-0.00340945 -3.281695680e-03      
-0.00457245 -4.165857054e-03      
-0.00301154 -2.824573846e-03      
-0.00339250 -3.583586241e-03      
-0.00440849 -4.559693048e-03      
-0.00392447 -3.507330752e-03      
-0.00359307 -4.122435458e-03      
-0.00417003 -3.983727877e-03      
-0.00572470 -4.719501379e-03      
-0.00501814 -4.711124828e-03      
-0.00342984 -3.271851513e-03      
-0.00343289 -3.527899268e-03      
-0.00574173 -5.356322389e-03      
-0.00524155 -4.302036797e-03      
-0.00361478 -3.765217814e-03      
-0.00284773 -2.368901879e-03      
-0.00500070 -4.593496455e-03      
-0.00556158 -5.177464708e-03      
-0.00340082 -3.514734207e-03      
-0.00317340 -2.572286387e-03      
-0.00426735 -3.612663280e-03      
-0.00391337 -3.594777045e-03      
-0.00316448 -3.457810262e-03      
-0.00579150 -5.434049554e-03      
-0.00457436 -4.689049926e-03      
-0.00511283 -4.700528933e-03      
-0.00342644 -3.726232766e-03      
-0.00409758 -3.765058560e-03      
-0.00281956 -2.502324868e-03      
-0.00302248 -2.854411136e-03      
-0.00408332 -3.766240197e-03      
-0.00331248 -3.467111435e-03      
-0.00462134 -4.364763958e-03      
-0.00348280 -3.279043962e-03      
-0.00285352 -2.931496699e-03      
-0.00344574 -2.802994386e-03      
-0.00451339 -4.228663543e-03      
-0.00351376 -3.741078663e-03      
-0.00357124 -3.797901508e-03      
-0.00431211 -4.186467872e-03      
-0.00297130 -3.171663145e-03      
-0.00391661 -3.568093217e-03      
-0.00468622 -4.120291890e-03      
-0.00364029 -3.051780138e-03      
-0.00288181 -2.844655681e-03      
-0.00330507 -3.258322215e-03      
-0.00207826 -2.149691222e-03      
-0.00328254 -3.342476369e-03      
-0.00290777 -2.915620296e-03      
-0.00454577 -3.714300071e-03      
-0.00265484 -2.635925476e-03      
-0.00235808 -2.259590272e-03      
-0.00266076 -2.436323136e-03      
-0.00395330 -3.689192618e-03      
-0.00245292 -2.117932505e-03      
-0.00266718 -2.662376634e-03      
-0.00543077 -4.220558669e-03      
-0.00436671 -3.913234185e-03      
-0.00218828 -2.148286028e-03      
-0.00319319 -3.355744710e-03      
-0.00282258 -2.467111488e-03      
-0.00497449 -4.612845512e-03      
-0.00343980 -3.460814453e-03      
-0.00320792 -3.362106147e-03      
-0.00276662 -2.806708237e-03      
-0.00382623 -3.532735396e-03      
-0.00328561 -3.702865277e-03      
-0.00252808 -2.210732575e-03      
-0.00256165 -2.949929782e-03      
-0.00372994 -3.524275215e-03      
-0.00249395 -2.766121346e-03      
-0.00257727 -2.480341886e-03      
-0.00342281 -3.228085058e-03      
-0.00397948 -4.261228136e-03      
-0.00422715 -4.097136860e-03      
-0.00255058 -2.483946564e-03      
-0.00431658 -3.847882879e-03      
-0.00324620 -2.919616500e-03      
-0.00249505 -2.775243468e-03      
-0.00318540 -3.490389154e-03      
-0.00383961 -3.221786385e-03      
-0.00462196 -4.083110739e-03      
-0.00390090 -3.334054074e-03      
-0.00250643 -2.981608184e-03      
-0.00289265 -2.850347629e-03      
-0.00374805 -3.704770928e-03      
-0.00444578 -4.368628126e-03      
-0.00343875 -3.484284199e-03      
-0.00244744 -2.335789206e-03      
-0.00356617 -3.353144838e-03      
-0.00305367 -2.838077755e-03      
-0.00254516 -2.809073359e-03      
-0.00320856 -3.446336583e-03      
-0.00377546 -3.470100995e-03      
-0.00349784 -3.426015057e-03      
-0.00392843 -3.467852180e-03      
-0.00399985 -3.794293329e-03      
-0.00325839 -3.073985625e-03      
-0.00387382 -4.093916318e-03      
-0.00250950 -2.353145031e-03      
-0.00246838 -2.777893860e-03      
-0.00338328 -3.119584116e-03      
-0.00230326 -2.414052373e-03      
-0.00324110 -3.631280224e-03      
-0.00253751 -2.216792084e-03      
-0.00264115 -2.388036487e-03      
-0.00368506 -3.449807481e-03      
-0.00276366 -2.665037373e-03      
-0.00244568 -2.520016302e-03      
-0.00416440 -3.955420486e-03      
-0.00344089 -3.470787415e-03      
-0.00407606 -4.010693730e-03      
-0.00225032 -2.290292535e-03      
-0.00226283 -2.152089291e-03      
-0.00334377 -3.283270923e-03      
-0.00292298 -2.768644860e-03      
-0.00290884 -3.520468552e-03      
-0.00276558 -2.794866710e-03      
-0.00296418 -2.974723572e-03      
-0.00258199 -2.557110890e-03      
-0.00396138 -3.835527512e-03      
-0.00357902 -3.790019840e-03      
-0.00243056 -2.415372197e-03      
-0.00199498 -1.855864291e-03      
-0.00391080 -3.808393971e-03      
-0.00303920 -2.604300949e-03      
-0.00262886 -2.783343444e-03      
-0.00318619 -2.960916962e-03      
-0.00324079 -2.467479413e-03      
-0.00249870 -2.477350437e-03      
-0.00256091 -2.214573999e-03      
-0.00233022 -1.813478250e-03      
-0.00331643 -3.086410010e-03      
-0.00355650 -3.214608208e-03      
-0.00218811 -2.138508240e-03      
-0.00238378 -2.410292175e-03      
-0.00240737 -2.264972432e-03      
-0.00315879 -2.816890759e-03      
-0.00282484 -2.905853798e-03      
-0.00298189 -3.383998613e-03      
-0.00308189 -3.095899761e-03      
-0.00316131 -2.876761173e-03      
-0.00215126 -2.135573990e-03      
-0.00361104 -3.799637677e-03      
-0.00387314 -3.640943961e-03      
-0.00279815 -2.619854282e-03      
-0.00181990 -1.981283356e-03      
-0.00299175 -3.340634226e-03      
-0.00234106 -2.474965616e-03      
-0.00340622 -2.865682678e-03      
-0.00222829 -2.235024131e-03      
-0.00241947 -1.918561744e-03      
-0.00237484 -2.158920581e-03      
-0.00324540 -3.425853406e-03      
-0.00290557 -2.848649124e-03      
-0.00284045 -2.518763368e-03      
-0.00316462 -2.907148699e-03      
-0.00237081 -2.506481113e-03      
-0.00190742 -1.701804595e-03      
-0.00195754 -1.630190178e-03      
-0.00179615 -1.797053395e-03      
-0.00263830 -2.545873459e-03      
-0.00232962 -2.014585846e-03      
-0.00185999 -1.598794485e-03      
-0.00221239 -1.700713510e-03      
-0.00254195 -2.624726776e-03      
-0.00264420 -2.465468778e-03      
-0.00226238 -2.561259598e-03      
-0.00265649 -2.590387434e-03      
-0.00175390 -1.782773075e-03      
-0.00161264 -1.601178366e-03      
-0.00179674 -1.724265041e-03      
-0.00200981 -2.060648824e-03      
-0.00216184 -1.937273218e-03      
-0.00194304 -1.960828786e-03      
-0.00301097 -3.325206877e-03      
-0.00229954 -2.781380446e-03      
-0.00234542 -2.289112190e-03      
-0.00309843 -3.181053860e-03      
-0.00207622 -2.029888007e-03      
-0.00252367 -2.401188753e-03      
-0.00187663 -1.894348998e-03      
-0.00282677 -2.745117231e-03      
-0.00204424 -1.716147695e-03      
-0.00309640 -2.963611883e-03      
-0.00273447 -2.459547059e-03      
-0.00192381 -1.946847717e-03      
-0.00170035 -2.216908725e-03      
-0.00329776 -3.149354986e-03      
-0.00203665 -1.822505344e-03      
-0.00170079 -1.799502777e-03      
-0.00261308 -2.790399588e-03      
-0.00188604 -1.730777526e-03      
-0.00197439 -1.907751886e-03      
-0.00259481 -2.676632949e-03      
-0.00232649 -2.079362673e-03      
-0.00306837 -2.969836835e-03      
-0.00268310 -2.688656861e-03      
-0.00201110 -1.989888297e-03      
-0.00211810 -1.923787531e-03      
-0.00181549 -1.159049807e-03      
-0.00269943 -2.464565383e-03      
-0.00206694 -2.015347073e-03      
-0.00220514 -2.331345739e-03      
-0.00187207 -1.889692491e-03      
-0.00221226 -1.926921236e-03      
-0.00272074 -2.795768383e-03      
-0.00186225 -1.815109286e-03      
-0.00258585 -2.447691798e-03      
-0.00223647 -1.953913094e-03      
-0.00169460 -1.592945323e-03      
-0.00233282 -2.546961836e-03      
-0.00334074 -2.893479574e-03      
-0.00238581 -2.320874247e-03      
-0.00265581 -2.320071191e-03      
-0.00189108 -2.317197229e-03      
-0.00280602 -2.577028153e-03      
-0.00180226 -1.859658879e-03      
-0.00272193 -2.726800597e-03      
-0.00215388 -1.781431575e-03      
-0.00186076 -1.895969569e-03      
-0.00184132 -1.709301878e-03      
-0.00295822 -2.941074457e-03      
-0.00196121 -1.429925535e-03      
-0.00247440 -2.841169983e-03      
-0.00230466 -2.343919856e-03      
-0.00131177 -1.492899008e-03      
-0.00238410 -2.235235223e-03      
-0.00161713 -1.752705556e-03      
-0.00240932 -2.414941913e-03      
-0.00219226 -2.078379389e-03      
-0.00188499 -1.810002497e-03      
-0.00213412 -1.962626277e-03      
-0.00300893 -2.711867365e-03      
-0.00181638 -1.847474499e-03      
-0.00213418 -1.653014060e-03      
-0.00159751 -1.856728178e-03      
-0.00180160 -1.577797146e-03      
-0.00276454 -2.734622697e-03      
-0.00199338 -2.185171136e-03      
-0.00208734 -1.915879744e-03      
-0.00228922 -2.524836975e-03      
-0.00261873 -2.537533070e-03      
-0.00202389 -1.603881503e-03      
-0.00236810 -2.404241001e-03      
-0.00164073 -1.455819657e-03      
-0.00244609 -2.532255285e-03      
-0.00222857 -1.910818395e-03      
-0.00159230 -1.696355267e-03      
-0.00223513 -2.054975624e-03      
-0.00191438 -1.623159723e-03      
-0.00205864 -2.192379792e-03      
-0.00206651 -1.948812384e-03      
-0.00165803 -1.553634391e-03      
-0.00212397 -2.348388452e-03      
-0.00180572 -1.445338512e-03      
-0.00163581 -1.690158063e-03      
-0.00182153 -1.615618719e-03      
-0.00251719 -2.570525510e-03      
-0.00182555 -2.031334287e-03      
-0.00185677 -2.223380190e-03      
-0.00147885 -1.374468208e-03      
-0.00165844 -1.690525593e-03      
-0.00173283 -1.418980699e-03      
-0.00164457 -1.682136462e-03      
-0.00238114 -2.394141146e-03      
-0.00151925 -1.582338575e-03      
-0.00168951 -1.676074992e-03      
